"TOA5","Cal_Pluv","CR1000","63522","CR1000.Std.32.03","CPU:EnsaioIR_4pluv.CR1","59817","Basculada"
"TIMESTAMP","RECORD","c","vazao","deltaT","massaT","IRm","IRr","IRrmed"
"TS","RN","","","","","","",""
"","","Smp","Smp","Smp","Smp","Smp","Smp","Smp"
"2023-06-14 10:09:50.02",0,0,"NAN",546.6509,4446.7,2.700078,"NAN","NAN"
"2023-06-14 10:10:09.04",1,1,"NAN",19.02024,6277.4,77.60152,"NAN","NAN"
"2023-06-14 10:10:12",2,2,2.299805,2.959998,6280,498.649,517.6719,517.6719
"2023-06-14 10:10:16.12",3,3,0.800293,4.119997,6284.1,358.2527,180.1411,240.0965
"2023-06-14 10:10:20.88",4,4,1.300293,4.759996,6289.7,310.0843,292.688,270.1126
"2023-06-14 10:10:25.68",5,5,0.7001953,4.799996,6295,307.5002,157.6097,259.6053
"2023-06-14 10:10:30.54",6,6,1.800293,4.859996,6302.6,303.7039,405.2349,280.2408
"2023-06-14 10:10:35.66",7,7,0.5,5.119996,6306.4,288.2815,112.5469,258.4051
"2023-06-14 10:10:40.42",8,8,2.299805,4.759996,6313.9,310.0843,517.6719,271.6111
"2023-06-14 10:10:45.28",9,9,0.5,4.859996,6318.8,303.7039,112.5469,264.322
"2023-06-14 10:10:50.18",10,10,2,4.899996,6325.8,301.2247,450.1877,270.6732
"2023-06-14 10:10:55",11,11,1.299805,4.819996,6330.5,306.2243,292.5781,270.1116
"2023-06-14 10:10:59.9",12,12,0.5,4.899996,6335.7,301.2247,112.5469,266.4377
"2023-06-14 10:11:04.58",13,13,1.800293,4.679996,6342.6,315.3849,405.2349,270.5291
"2023-06-14 10:11:09.4",14,14,0.2001953,4.819996,6347.7,306.2243,45.06274,267.0605
"2023-06-14 10:11:14.26",15,15,0.8999023,4.859996,6353.1,303.7039,202.5625,264.8608
"2023-06-14 10:11:18.94",16,16,1.300293,4.679996,6359.2,315.3849,292.688,271.2392
"2023-06-14 10:11:23.76",17,17,1.300293,4.819996,6363.7,306.2243,292.688,266.3611
"2023-06-14 10:11:28.38",18,18,1.199707,4.619997,6370.4,319.4807,270.0467,264.4853
"2023-06-14 10:11:34.46",19,19,1.100098,6.079995,6376.2,242.7634,247.6252,263.7361
"2023-06-14 10:11:38.7",20,20,1.400391,4.239997,6381.7,348.1135,315.2194,265.6119
"2023-06-14 10:11:44.96",21,21,1.100098,6.259995,6387.6,235.7829,247.6252,259.9845
"2023-06-14 10:11:48.4",22,22,1.300293,3.439997,6393.1,429.0701,292.688,262.6095
"2023-06-14 10:11:53.56",23,23,1.199707,5.119996,6398.3,288.2815,270.0467,259.2316
"2023-06-14 10:11:58.1",24,24,0.9003906,4.539997,6405.2,325.1104,202.6724,262.6095
"2023-06-14 10:12:02.98",25,25,0.8999023,4.879996,6409.6,302.4593,202.5625,259.9845
"2023-06-14 10:12:08.2",26,26,0.7998047,5.219996,6418,282.7589,180.0311,264.4853
"2023-06-14 10:12:12.96",27,27,1,4.759996,6422.6,310.0843,225.0939,267.8614
"2023-06-14 10:12:17.82",28,28,1.299805,4.859996,6428.8,303.7039,292.5781,265.9856
"2023-06-14 10:12:26.28",29,29,0.9003906,8.440003,6437.7,174.8814,202.6724,262.985
"2023-06-14 10:12:30.14",30,30,1.099609,3.859997,6443.8,382.3837,247.5153,269.7371
"2023-06-14 10:12:33",31,31,0.2998047,2.859998,6445.5,516.0843,67.4842,268.9879
"2023-06-14 10:12:38.08",32,32,0.8999023,5.079996,6453.3,290.5514,202.5625,268.6105
"2023-06-14 10:12:42.94",33,33,0.9003906,4.859996,6456.7,303.7039,202.6724,268.2369
"2023-06-14 10:12:47.58",34,34,1.600098,4.639997,6464.2,318.1037,360.1722,271.6147
"2023-06-14 10:12:52.48",35,35,0.800293,4.899996,6469.2,301.2247,180.1411,270.4882
"2023-06-14 10:12:57.84",36,36,0.5,5.359996,6475.1,275.3734,112.5469,265.6119
"2023-06-14 10:13:02.86",37,37,1.600098,5.019996,6481.7,294.0241,360.1722,270.4882
"2023-06-14 10:13:07.66",38,38,0.5,4.799996,6488.1,307.5002,112.5469,265.9855
"2023-06-14 10:13:12.58",39,39,1.800293,4.919996,6493.6,300.0002,405.2349,266.3611
"2023-06-14 10:13:17",40,40,2.600098,4.419997,6498.7,333.9369,585.2661,267.1121
"2023-06-14 10:13:22.68",41,41,2.5,5.679996,6504.8,259.8593,562.7347,270.4863
"2023-06-14 10:13:27.18",42,42,0.2001953,4.499997,6511,328.0002,45.06274,268.6124
"2023-06-14 10:13:31.78",43,43,0.2001953,4.599997,6514.5,320.8698,45.06274,259.9827
"2023-06-14 10:13:37.92",44,44,0.2998047,6.139995,6522.8,240.3911,67.4842,264.1098
"2023-06-14 10:13:42.68",45,45,2.099609,4.759996,6529.8,310.0843,472.6092,274.2379
"2023-06-14 10:13:47.18",46,46,0.2001953,4.499997,6534.6,328.0002,45.06274,264.1098
"2023-06-14 10:13:52.46",47,47,2.600098,5.279996,6541.5,279.5457,585.2661,271.2374
"2023-06-14 10:13:57.5",48,48,0.2001953,5.039996,6546.2,292.8574,45.06274,266.7366
"2023-06-14 10:14:01.98",49,49,0.2001953,4.479997,6551.1,329.4645,45.06274,266.3611
"2023-06-14 10:14:07.42",50,50,0.2001953,5.439996,6558.6,271.3237,45.06274,264.4853
"2023-06-14 10:14:11.98",51,51,1.199707,4.559997,6562.8,323.6844,270.0467,266.3611
"2023-06-14 10:14:18.1",52,52,0.699707,6.119995,6571.3,241.1767,157.4998,265.2345
"2023-06-14 10:14:22.72",53,53,0.199707,4.619997,6575.8,319.4807,44.95283,266.3611
"2023-06-14 10:14:27.42",54,54,2.200195,4.699996,6582.5,314.0428,495.2505,268.2369
"2023-06-14 10:14:32.66",55,55,0.5,5.219996,6587.6,282.7589,112.5469,264.4853
"2023-06-14 10:14:37.24",56,56,1.699707,4.579997,6594.4,322.271,382.5936,268.6124
"2023-06-14 10:14:42.08",57,57,1.400391,4.839996,6599.2,304.9589,315.2194,260.36
"2023-06-14 10:14:47",58,58,0.8999023,4.919996,6604.6,300.0002,202.5625,263.3606
"2023-06-14 10:14:53.02",59,59,0.699707,6.019995,6613.4,245.1829,157.4998,268.6124
"2023-06-14 10:14:58.4",60,60,1.100098,5.379996,6619.5,274.3497,247.6252,267.4858
"2023-06-14 10:15:04.1",61,61,1.399902,5.699996,6626.3,258.9476,315.1095,265.61
"2023-06-14 10:15:07.12",62,62,0.9003906,3.019998,6629.7,488.7421,202.6724,266.7366
"2023-06-14 10:15:12.64",63,63,2,5.519996,6636,267.3915,450.1877,269.7371
"2023-06-14 10:15:17.1",64,64,0.3999023,4.459997,6641.5,330.942,90.01556,265.9855
"2023-06-14 10:15:21.88",65,65,0.5,4.759996,6645.9,310.0843,112.5469,263.7343
"2023-06-14 10:15:26.52",66,66,2,4.639997,6653.2,318.1037,450.1877,273.4905
"2023-06-14 10:15:31.38",67,67,0.7001953,4.859996,6657.7,303.7039,157.6097,264.8608
"2023-06-14 10:15:36.2",68,68,1.600098,4.819996,6665,306.2243,360.1722,271.2374
"2023-06-14 10:15:41.04",69,69,0.8999023,4.819996,6670.4,306.2243,202.5625,272.364
"2023-06-14 10:15:45.78",70,70,0.5996094,4.739996,6676.3,311.3926,134.9684,272.3621
"2023-06-14 10:15:50.56",71,71,1.699707,4.779996,6681.9,308.7868,382.5936,271.2374
"2023-06-14 10:15:55.26",72,72,0.4003906,4.699996,6687.7,314.0428,90.12548,268.6124
"2023-06-14 10:15:59.96",73,73,0.4003906,4.699996,6692.2,314.0428,90.12548,266.7366
"2023-06-14 10:16:04.68",74,74,2.399902,4.719996,6699.3,312.7121,540.2033,273.8642
"2023-06-14 10:16:09.88",75,75,0.699707,5.179996,6703.8,284.9423,157.4998,269.3616
"2023-06-14 10:16:14.58",76,76,2,4.699996,6711,314.0428,450.1877,273.8642
"2023-06-14 10:16:21.94",77,77,0.2998047,7.359994,6718.8,200.5436,67.4842,273.4887
"2023-06-14 10:16:27.28",78,78,0.5,5.339996,6726,276.4047,112.5469,271.2374
"2023-06-14 10:16:30.1",79,79,1,2.819998,6729.2,523.4046,225.0939,270.8637
"2023-06-14 10:16:34.52",80,80,1.699707,4.419997,6734.3,333.9369,382.5936,268.9861
"2023-06-14 10:16:39.3",81,81,0.7001953,4.779996,6739.7,308.7868,157.6097,267.8632
"2023-06-14 10:16:44.06",82,82,1,4.739996,6747.3,311.3926,225.0939,268.6105
"2023-06-14 10:16:49.58",83,83,0.800293,5.519996,6753.1,267.3915,180.1411,273.4887
"2023-06-14 10:16:54.06",84,84,1,4.479997,6759.3,329.4645,225.0939,270.1126
"2023-06-14 10:16:59.16",85,85,1.299805,5.099996,6765.5,289.412,292.5781,274.9889
"2023-06-14 10:17:03.8",86,86,1.199707,4.639997,6770.3,318.1037,270.0467,275.3644
"2023-06-14 10:17:08.44",87,87,1.299805,4.639997,6775.4,318.1037,292.5781,271.2374
"2023-06-14 10:17:14.34",88,88,0.9003906,5.899995,6783.7,250.1697,202.6724,272.7395
"2023-06-14 10:17:19.2",89,89,1.600098,4.859996,6789.4,303.7039,360.1722,274.2397
"2023-06-14 10:17:23.8",90,90,1.5,4.599997,6795.1,320.8698,337.6408,276.491
"2023-06-14 10:17:28.78",91,91,1.099609,4.979996,6800.3,296.3858,247.5153,271.2374
"2023-06-14 10:17:33.5",92,92,0.8999023,4.719996,6806.4,312.7121,202.5625,276.8647
"2023-06-14 10:17:38.42",93,93,1.099609,4.919996,6810.8,300.0002,247.5153,269.3616
"2023-06-14 10:17:43.62",94,94,1.399902,5.199996,6818,283.8464,315.1095,268.9879
"2023-06-14 10:17:48.38",95,95,0.8999023,4.759996,6823.4,310.0843,202.5625,266.7366
"2023-06-14 10:17:53.06",96,96,1.399902,4.659997,6830.5,316.7384,315.1095,270.8637
"2023-06-14 10:17:57.7",97,97,1.5,4.639997,6834.5,318.1037,337.6408,268.6124
"2023-06-14 10:18:01.94",98,98,2.700195,4.239997,6840.7,348.1135,607.7974,275.74
"2023-06-14 10:18:07.68",99,99,2.299805,5.739995,6847.4,257.1431,517.6719,274.9889
"2023-06-14 10:18:12.4",100,100,0.4003906,4.719996,6852.7,312.7121,90.12548,267.4876
"2023-06-14 10:18:17.16",101,101,1.700195,4.759996,6858.7,310.0843,382.7035,269.3634
"2023-06-14 10:18:22.16",102,102,0.2998047,4.999996,6864.8,295.2002,67.4842,267.1103
"2023-06-14 10:18:28",103,103,2,5.839995,6871.4,252.7399,450.1877,270.8618
"2023-06-14 10:18:32.64",104,104,0.6000977,4.619997,6877.2,319.4807,135.0783,268.9879
"2023-06-14 10:18:39.1",105,105,1.199707,6.459995,6884.4,228.4832,270.0467,268.9861
"2023-06-14 10:18:46.7",106,106,0.8999023,7.579994,6892.9,194.7231,202.5625,267.8614
"2023-06-14 10:18:49.58",107,107,1.5,2.879998,6896.7,512.5004,337.6408,267.8632
"2023-06-14 10:18:57.12",108,108,1.299805,7.539994,6906.3,195.7561,292.5781,269.3616
"2023-06-14 10:18:59.94",109,109,1.700195,2.819998,6909.1,523.4046,382.7035,271.2392
"2023-06-14 10:19:08.02",110,110,1.699707,8.079995,6919.4,182.6734,382.5936,268.2369
"2023-06-14 10:19:11.26",111,111,0.199707,3.239998,6922.4,455.5559,44.95283,262.985
"2023-06-14 10:19:18.64",112,112,2,7.379994,6931.4,200.0002,450.1877,268.9861
"2023-06-14 10:19:21.58",113,113,0.3999023,2.939998,6934.1,502.0412,90.01556,261.1093
"2023-06-14 10:19:27.14",114,114,0.3999023,5.559996,6940.5,265.4678,90.01556,259.2335
"2023-06-14 10:19:31.2",115,115,0.5,4.059997,6944.7,363.5471,112.5469,255.4819
"2023-06-14 10:19:36.96",116,116,0.699707,5.759995,6951.4,256.2502,157.4998,267.1103
"2023-06-14 10:19:41.82",117,117,0.5,4.859996,6957,303.7039,112.5469,261.4848
"2023-06-14 10:19:47.96",118,118,0.3999023,6.139995,6964.8,240.3911,90.01556,265.61
"2023-06-14 10:19:55.24",119,119,1.899902,7.279994,6972.8,202.7474,427.6564,258.1069
"2023-06-14 10:19:58.1",120,120,-4.100098,2.859998,6976.6,516.0843,-922.9069,259.609
"2023-06-14 10:20:02.24",121,121,-0.1000977,4.139997,6981.6,356.522,-22.53137,261.4848
"2023-06-14 10:20:09.44",122,122,2.200195,7.199994,6992,205.0002,495.2505,270.1126
"2023-06-14 10:20:12.54",123,123,0.1000977,3.099998,6995.6,476.1294,22.53137,267.8613
"2023-06-14 10:20:17.42",124,124,1.799805,4.879996,7001.5,302.4593,405.125,270.4882
"2023-06-14 10:20:22.28",125,125,0.2998047,4.839996,7006.5,304.9589,67.4842,267.4858
"2023-06-14 10:20:26.86",126,126,1,4.579997,7012,322.271,225.0939,269.7371
"2023-06-14 10:20:31.66",127,127,1.600098,4.799996,7018.1,307.5002,360.1722,275.3644
"2023-06-14 10:20:36.42",128,128,0.2998047,4.759996,7023.5,310.0843,67.4842,270.4882
"2023-06-14 10:20:41.18",129,129,2,4.759996,7030.1,310.0843,450.1877,274.2397
"2023-06-14 10:20:45.78",130,130,2,4.579997,7035,322.271,450.1877,271.9884
"2023-06-14 10:20:50.62",131,131,0.7998047,4.839996,7040.5,304.9589,180.0311,273.8642
"2023-06-14 10:20:55.34",132,132,0.7998047,4.719996,7046.5,312.7121,180.0311,276.491
"2023-06-14 10:20:59.9",133,133,1,4.559997,7050.4,323.6844,225.0939,267.8614
"2023-06-14 10:21:04.7",134,134,1.199707,4.799996,7056.8,307.5002,270.0467,247.2277
"2023-06-14 10:21:09.16",135,135,1.399902,4.459997,7062.8,330.942,315.1095,265.61
"2023-06-14 10:21:13.98",136,136,0.5,4.819996,7067.4,306.2243,112.5469,265.2345
"2023-06-14 10:21:19",137,1,0.1000977,5.019996,7073.7,294.0241,22.53137,262.985
"2023-06-14 10:21:23.56",138,2,0.5996094,4.559997,7079.3,323.6844,134.9684,264.8608
"2023-06-14 10:21:28.14",139,3,2,4.579997,7085.9,322.271,450.1877,270.8637
"2023-06-14 10:21:33.12",140,4,0.5,4.979996,7091.3,296.3858,112.5469,266.7366
"2023-06-14 10:21:37.74",141,5,0.5,4.619997,7095.7,319.4807,112.5469,264.4871
"2023-06-14 10:21:43.16",142,6,1.299805,5.419996,7103.8,272.3249,292.5781,269.7371
"2023-06-14 10:21:51.22",143,7,1.699707,8.059995,7113.9,183.1267,382.5936,268.9879
"2023-06-14 10:21:53.78",144,8,1.199707,2.559998,7115.9,576.5629,270.0467,269.7371
"2023-06-14 10:21:58.84",145,9,1.100098,5.059996,7122.1,291.6998,247.6252,273.115
"2023-06-14 10:22:03.08",146,10,1.299805,4.199997,7128.3,351.4288,292.5781,273.1132
"2023-06-14 10:22:08",147,11,1.100098,4.919996,7132.9,300.0002,247.6252,272.364
"2023-06-14 10:22:12.58",148,12,0.5,4.579997,7138.6,322.271,112.5469,269.3634
"2023-06-14 10:22:17.36",149,13,2,4.779996,7145.8,308.7868,450.1877,277.6158
"2023-06-14 10:22:22.16",150,14,0.7001953,4.799996,7151.7,307.5002,157.6097,273.8642
"2023-06-14 10:22:27.46",151,15,2.299805,5.279996,7157.9,279.5457,517.6719,277.6158
"2023-06-14 10:22:32.54",152,16,0.2998047,5.079996,7162.9,290.5514,67.4842,270.4882
"2023-06-14 10:22:37.04",153,17,2.399902,4.499997,7170.1,328.0002,540.2033,279.116
"2023-06-14 10:22:42.72",154,18,0.2998047,5.679996,7175,259.8593,67.4842,271.9884
"2023-06-14 10:22:47.4",155,19,2,4.679996,7182.2,315.3849,450.1877,274.9908
"2023-06-14 10:22:51.94",156,20,2.5,4.539997,7187.1,325.1104,562.7347,274.6152
"2023-06-14 10:22:58.54",157,21,0.300293,6.599995,7194.7,223.6366,67.59411,272.364
"2023-06-14 10:23:01.6",158,22,1.899902,3.059998,7198.9,482.3533,427.6564,274.9889
"2023-06-14 10:23:06.82",159,23,0.5,5.219996,7204.4,282.7589,112.5469,272.364
"2023-06-14 10:23:13.06",160,24,2.399902,6.239995,7213.8,236.5387,540.2033,275.74
"2023-06-14 10:23:16.3",161,25,0.09960938,3.239998,7216.3,455.5559,22.42146,271.9884
"2023-06-14 10:23:23.72",162,26,2.099609,7.419994,7225.8,198.922,472.6092,271.2374
"2023-06-14 10:23:26.56",163,27,1.100098,2.839998,7229.4,519.7187,247.6252,276.8647
"2023-06-14 10:23:31.84",164,28,1.5,5.279996,7235.5,279.5457,337.6408,273.4887
"2023-06-14 10:23:39.78",165,29,1.600098,7.939993,7245.2,185.8944,360.1722,273.8642
"2023-06-14 10:23:42.46",166,30,1,2.679998,7248.2,550.7466,225.0939,274.6152
"2023-06-14 10:23:50.36",167,31,0.800293,7.899993,7258.1,186.8356,180.1411,275.74
"2023-06-14 10:23:52.94",168,32,0.5,2.579998,7260.1,572.0934,112.5469,272.7395
"2023-06-14 10:23:59.22",169,33,0.8999023,6.279995,7269.1,235.032,202.5625,271.6129
"2023-06-14 10:24:02.04",170,34,2.399902,2.819998,7273.3,523.4046,540.2033,277.2402
"2023-06-14 10:24:07.88",171,35,2.100098,5.839995,7279.4,252.7399,472.7191,273.8642
"2023-06-14 10:24:15.78",172,36,1.899902,7.899993,7288.9,186.8356,427.6564,272.7376
"2023-06-14 10:24:18.36",173,37,1,2.579998,7291.9,572.0934,225.0939,274.2397
"2023-06-14 10:24:24.64",174,38,0.5,6.279995,7299.4,235.032,112.5469,273.8642
"2023-06-14 10:24:27.6",175,39,1.700195,2.939998,7303.5,502.0412,382.7035,273.4887
"2023-06-14 10:24:35.48",176,40,1.799805,7.879993,7313,187.3098,405.125,273.4887
"2023-06-14 10:24:38.28",177,41,0.2998047,2.799998,7315.5,527.1432,67.4842,269.7371
"2023-06-14 10:24:44.44",178,42,0.6000977,6.159995,7323.7,239.6106,135.0783,274.6152
"2023-06-14 10:24:52.44",179,43,0.800293,7.999993,7333.6,184.5002,180.1411,275.74
"2023-06-14 10:24:55",180,44,0.5,2.559998,7335.7,576.5629,112.5469,271.6147
"2023-06-14 10:24:57.88",181,45,1.699707,2.879998,7340.3,512.5004,382.5936,276.1137
"2023-06-14 10:25:05.82",182,46,1.600098,7.939993,7350.9,185.8944,360.1722,278.365
"2023-06-14 10:25:08.66",183,47,1.299805,2.839998,7354.3,519.7187,292.5781,279.116
"2023-06-14 10:25:16.58",184,48,0.7001953,7.919993,7363.6,186.3638,157.6097,278.3668
"2023-06-14 10:25:19.38",185,49,1.600098,2.799998,7367.6,527.1432,360.1722,277.9913
"2023-06-14 10:25:25.18",186,50,1.5,5.799995,7375.6,254.483,337.6408,280.2426
"2023-06-14 10:25:30.78",187,51,1,5.599996,7381.4,263.5716,225.0939,281.7428
"2023-06-14 10:25:33.78",188,52,1.5,2.999998,7384.9,492.0004,337.6408,279.116
"2023-06-14 10:25:39.06",189,53,1.399902,5.279996,7392.1,279.5457,315.1095,282.1183
"2023-06-14 10:25:44.62",190,54,1,5.559996,7397.9,265.4678,225.0939,278.365
"2023-06-14 10:25:50.08",191,55,2.100098,5.459996,7404.5,270.3299,472.7191,274.9889
"2023-06-14 10:25:55.64",192,56,0.5,5.539996,7410.7,266.4262,112.5469,273.8642
"2023-06-14 10:26:01.34",193,57,0.6000977,5.679996,7417.9,259.8593,135.0783,268.6124
"2023-06-14 10:26:04.18",194,58,2.799805,2.839998,7423.3,519.7187,630.2189,277.6158
"2023-06-14 10:26:09.76",195,59,0.7001953,5.559996,7428.7,265.4678,157.6097,275.3663
"2023-06-14 10:26:18.32",196,60,1.800293,8.560006,7440.1,172.4298,405.2349,277.9913
"2023-06-14 10:26:20.96",197,61,2,2.639998,7442.7,559.0913,450.1877,278.7423
"2023-06-14 10:26:29.08",198,62,0.7998047,8.059995,7452.8,183.1267,180.0311,271.6129
"2023-06-14 10:26:31.64",199,63,0.6000977,2.559998,7455,576.5629,135.0783,272.7395
"2023-06-14 10:26:34.72",200,64,2.5,3.079998,7460,479.2211,562.7347,276.8647
"2023-06-14 10:26:40.2",201,65,2.599609,5.479996,7465.8,269.3433,585.1562,273.1132
"2023-06-14 10:26:46.14",202,66,2.300293,5.939995,7473.1,248.485,517.7819,272.364
"2023-06-14 10:26:52.72",203,67,1.800293,6.579995,7480.1,224.3163,405.2349,272.7395
"2023-06-14 10:26:55.48",204,68,0.4003906,2.759998,7482.7,534.783,90.12548,270.1126
"2023-06-14 10:27:01.64",205,69,0.7998047,6.159995,7490.9,239.6106,180.0311,273.8642
"2023-06-14 10:27:09.6",206,70,0.7001953,7.959993,7502,185.4273,157.6097,274.9889
"2023-06-14 10:27:12.22",207,71,1.5,2.619998,7505.9,563.3592,337.6408,274.6134
"2023-06-14 10:27:15.18",208,72,1.099609,2.959998,7509.3,498.649,247.5153,275.74
"2023-06-14 10:27:21.14",209,73,0.699707,5.959995,7516.3,247.6512,157.4998,273.8642
"2023-06-14 10:27:27.88",210,74,1,6.739995,7523.8,218.9913,225.0939,275.3644
"2023-06-14 10:27:30.68",211,75,2.100098,2.799998,7528.1,527.1432,472.7191,276.491
"2023-06-14 10:27:38.82",212,76,1.299805,8.099996,7537,182.2223,292.5781,277.9913
"2023-06-14 10:27:41.54",213,77,1.299805,2.719998,7540.5,542.6475,292.5781,279.116
"2023-06-14 10:27:49.64",214,78,0.800293,8.099996,7550.6,182.2223,180.1411,279.4915
"2023-06-14 10:27:52.24",215,79,1.799805,2.599998,7554.8,567.6927,405.125,280.2408
"2023-06-14 10:28:00.52",216,80,1.600098,8.28,7564.2,178.2609,360.1722,277.9913
"2023-06-14 10:28:03.04",217,81,1,2.519998,7567.9,585.7147,225.0939,280.6163
"2023-06-14 10:28:06.06",218,82,1.700195,3.019998,7572,488.7421,382.7035,274.2397
"2023-06-14 10:28:13.86",219,83,1.199707,7.799994,7579.8,189.2309,270.0467,274.6134
"2023-06-14 10:28:16.64",220,84,0.8999023,2.759998,7582.9,534.783,202.5625,270.8618
"2023-06-14 10:28:22.44",221,85,0.699707,5.799995,7589.4,254.483,157.4998,267.4858
"2023-06-14 10:28:30.72",222,86,0.7998047,8.28,7599.9,178.2609,180.0311,269.3616
"2023-06-14 10:28:33.22",223,87,1.899902,2.499998,7604.3,590.4004,427.6564,274.9889
"2023-06-14 10:28:36.1",224,88,0.8999023,2.879998,7607.6,512.5004,202.5625,272.7395
"2023-06-14 10:28:41.8",225,89,2,5.699996,7614.1,258.9476,450.1877,276.1155
"2023-06-14 10:28:48.68",226,90,0.800293,6.879994,7621.6,214.5351,180.1411,269.3634
"2023-06-14 10:28:51.48",227,91,1.600098,2.799998,7626,527.1432,360.1722,273.8642
"2023-06-14 10:28:59.4",228,92,1.699707,7.919993,7635.4,186.3638,382.5936,273.1132
"2023-06-14 10:29:02.08",229,93,0.3999023,2.679998,7638.6,550.7466,90.01556,268.9879
"2023-06-14 10:29:09.92",230,94,2,7.839993,7648.2,188.2655,450.1877,275.74
"2023-06-14 10:29:12.52",231,95,0.3999023,2.599998,7650.9,567.6927,90.01556,271.2374
"2023-06-14 10:29:20.74",232,96,0.2998047,8.219998,7661.4,179.5621,67.4842,279.4915
"2023-06-14 10:29:23.38",233,97,2.299805,2.639998,7666,559.0913,517.6719,281.7428
"2023-06-14 10:29:26.76",234,98,0.3999023,3.379997,7669.3,436.6867,90.01556,277.6158
"2023-06-14 10:29:33.8",235,99,1.700195,7.039994,7678.5,209.6593,382.7035,278.3668
"2023-06-14 10:29:36.6",236,100,0.300293,2.799998,7680.7,527.1432,67.59411,274.2397
"2023-06-14 10:29:42.7",237,101,2.100098,6.099995,7687.7,241.9674,472.7191,274.6152
"2023-06-14 10:29:48.96",238,102,2.5,6.259995,7695.8,235.7829,562.7347,278.365
"2023-06-14 10:29:51.84",239,103,0.1000977,2.879998,7697.7,512.5004,22.53137,268.9879
"2023-06-14 10:29:58.3",240,104,2.200195,6.459995,7707.2,228.4832,495.2505,275.74
"2023-06-14 10:30:02.36",241,105,1.600098,4.059997,7711.9,363.5471,360.1722,274.9889
"2023-06-14 10:30:07.66",242,106,0.7001953,5.299996,7717.1,278.4908,157.6097,267.8613
"2023-06-14 10:30:14.92",243,107,1.5,7.259994,7726,203.306,337.6408,272.7395
"2023-06-14 10:30:17.46",244,108,1.299805,2.539998,7729.5,581.1028,292.5781,265.61
"2023-06-14 10:30:24.02",245,109,1.5,6.539995,7738.5,225.6883,337.6408,271.9884
"2023-06-14 10:30:26.86",246,110,0.5,2.839998,7740.1,519.7187,112.5469,265.6119
"2023-06-14 10:30:34.56",247,111,0.5,7.699994,7750.2,191.6885,112.5469,267.8632
"2023-06-14 10:30:37.32",248,112,2,2.759998,7754.6,534.783,450.1877,267.1121
"2023-06-14 10:30:45.16",249,113,1.699707,7.819993,7763.9,188.747,382.5936,275.74
"2023-06-14 10:30:47.76",250,114,1.5,2.599998,7766.1,567.6927,337.6408,273.115
"2023-06-14 10:30:54.4",251,115,0.5996094,6.639995,7774.3,222.2893,134.9684,271.2374
"2023-06-14 10:30:57.22",252,116,2.300293,2.819998,7778.7,523.4046,517.7819,276.491
"2023-06-14 10:31:04.04",253,117,0.7001953,6.819994,7786.7,216.4225,157.6097,273.8642
"2023-06-14 10:31:06.9",254,118,0.800293,2.859998,7789.2,516.0843,180.1411,273.115
"2023-06-14 10:31:14.56",255,119,0.5996094,7.659994,7799.3,192.6895,134.9684,274.9889
"2023-06-14 10:31:17.4",256,120,2.299805,2.839998,7804,519.7187,517.6719,279.4915
"2023-06-14 10:31:25.4",257,121,1.799805,7.999993,7812.5,184.5002,405.125,273.4887
"2023-06-14 10:31:28.2",258,122,0.699707,2.799998,7815.4,527.1432,157.4998,271.9884
"2023-06-14 10:31:35.04",259,123,1.900391,6.839994,7824.7,215.7896,427.7663,273.115
"2023-06-14 10:31:37.8",260,124,1.799805,2.759998,7826.9,534.783,405.125,271.2374
"2023-06-14 10:31:45.62",261,125,2.099609,7.819993,7836.8,188.747,472.6092,273.4887
"2023-06-14 10:31:48.42",262,126,0.2001953,2.799998,7839.1,527.1432,45.06274,271.2392
"2023-06-14 10:31:56.26",263,127,0.699707,7.839993,7849.4,188.2655,157.4998,273.8642
"2023-06-14 10:31:58.9",264,128,0.5,2.639998,7851.4,559.0913,112.5469,270.4882
"2023-06-14 10:32:05.94",265,129,0.800293,7.019994,7860.1,210.2566,180.1411,268.9879
"2023-06-14 10:32:08.58",266,130,1.5,2.639998,7863.9,559.0913,337.6408,270.1126
"2023-06-14 10:32:16.5",267,131,1.599609,7.919993,7873.8,186.3638,360.0623,270.4863
