"TOA5","CalibraPluv","CR1000","63522","CR1000.Std.32.03","CPU:EnsaioIR_4pluv.CR1","64429","Basculada"
"TIMESTAMP","RECORD","c","vazao","deltaT","massaT","IRm","IRr","IRrmed"
"TS","RN","","","","","","",""
"","","Smp","Smp","Smp","Smp","Smp","Smp","Smp"
"2022-02-10 15:34:30.24",0,0,"NAN",19.48026,2504.2,75.76903,"NAN","NAN"
"2022-02-10 15:34:30.64",1,1,"NAN",0.4,2504.2,3690,"NAN","NAN"
"2022-02-10 15:34:31.14",2,2,"NAN",0.5000001,2504.2,2952,"NAN","NAN"
"2022-02-10 15:34:31.6",3,3,"NAN",0.4600001,2504.2,3208.695,"NAN","NAN"
"2022-02-10 15:34:32.1",4,4,0,0.5000001,2504.2,2952,0,0
"2022-02-10 15:34:32.64",5,5,0,0.54,2504.2,2733.333,0,0
"2022-02-10 15:34:34.44",6,6,0,1.799999,2504.2,820.0005,0,0
"2022-02-10 15:34:38.32",7,7,0,3.879997,2504.1,380.4127,0,-3.210916
"2022-02-10 15:34:48.46",8,8,0,10.14004,2504.1,145.5615,0,-1.322142
"2022-02-10 15:34:54.86",9,9,0,6.399995,2503.7,230.6252,0,-4.893345
"2022-02-10 15:38:24.68",0,0,"NAN",72.57983,3292.7,20.33623,"NAN","NAN"
"2022-02-10 15:38:36.26",1,1,"NAN",11.58008,3298.5,127.4603,"NAN","NAN"
"2022-02-10 15:38:50.6",2,2,0.1999512,14.34014,3305.2,102.9279,45.00778,107.3516
"2022-02-10 15:39:00.16",3,3,0.5998535,9.560029,3310.2,154.3928,135.0234,109.6105
"2022-02-10 15:39:14.5",4,4,0.5,14.34014,3317.1,102.9279,112.5469,110.1141
"2022-02-10 15:39:24.74",5,5,0.5,10.24004,3321.9,144.14,112.5469,109.6729
"2022-02-10 15:39:38.38",6,6,0.5998535,13.64012,3328.9,108.2102,135.0234,111.7959
"2022-02-10 15:39:48.4",7,7,0.6999512,10.02004,3333.9,147.3048,157.5547,111.4213
"2022-02-10 15:40:02.96",8,8,0.8000488,14.56014,3340.6,101.3726,180.0861,110.2965
"2022-02-10 15:40:13.04",9,9,0.1999512,10.08004,3345.8,146.428,45.00778,109.5455
"2022-02-10 15:40:26.42",10,10,0.8999023,13.38012,3352.5,110.3129,202.5625,111.0467
"2022-02-10 15:40:36.34",11,11,0.9001465,9.920037,3357.3,148.7898,202.6174,110.2965
"2022-02-10 15:40:50.48",12,12,1,14.14013,3364.3,104.3837,225.0939,110.6712
"2022-02-10 15:41:01.58",13,13,0.1000977,11.10006,3369.3,132.9722,22.53137,110.6712
"2022-02-10 15:41:15.8",14,14,0.4001465,14.22014,3376.6,103.7965,90.07053,113.298
"2022-02-10 15:41:26.72",15,15,0.5,10.92006,3382,135.1641,112.5469,110.6712
"2022-02-10 15:41:41.1",16,16,0.6000977,14.38014,3389.6,102.6416,135.0783,112.9225
"2022-02-10 15:41:51.64",17,17,0.5,10.54005,3394.3,140.0373,112.5469,112.1723
"2022-02-10 15:42:05.78",18,18,0.6999512,14.14013,3401.4,104.3837,157.5547,112.1714
"2022-02-10 15:42:16.34",19,19,0.3000488,10.56005,3406.8,139.772,67.53915,111.4213
"2022-02-10 15:42:31.5",20,20,0.6999512,15.16016,3414.3,97.36047,157.5547,111.4213
"2022-02-10 15:42:42.12",21,21,0.4001465,10.62005,3419.6,138.9824,90.07053,111.4222
"2022-02-10 15:42:56.62",22,22,0.2998047,14.50014,3426.4,101.7921,67.4842,111.0458
"2022-02-10 15:43:07",23,23,0.3999023,10.38005,3431.4,142.1959,90.01556,111.0458
"2022-02-10 15:43:26.34",24,24,0.8999023,19.34025,3441.5,76.31752,202.5625,112.5469
"2022-02-10 15:43:36.86",25,25,0.8000488,10.52005,3446.3,140.3035,180.0861,111.7968
"2022-02-10 15:43:55.28",26,26,0.1000977,18.42023,3455.5,80.12929,22.53137,110.2956
"2022-02-10 15:44:06.02",27,27,0.7998047,10.74006,3461.4,137.4294,180.0311,112.5469
"2022-02-10 15:44:24.12",28,28,0.1999512,18.10022,3469.9,81.54595,45.00778,110.2956
"2022-02-10 15:44:34.8",29,29,0.1000977,10.68005,3474.8,138.2015,22.53137,110.2965
"2022-02-10 15:44:48.38",30,30,0.5998535,13.58012,3482.2,108.6883,135.0234,111.7968
"2022-02-10 15:44:58.94",31,31,0.5,10.56005,3486.9,139.772,112.5469,111.0458
"2022-02-10 15:45:15.8",32,32,0.1000977,16.8602,3495.3,87.54347,22.53137,109.921
"2022-02-10 15:45:26.4",33,33,0.5998535,10.60005,3500.9,139.2446,135.0234,113.2971
"2022-02-10 15:45:40.06",34,34,0.3000488,13.66012,3507.8,108.0517,67.53915,111.4213
"2022-02-10 15:45:50.66",35,35,0.3000488,10.60005,3512.7,139.2446,67.53915,110.2956
"2022-02-10 15:46:08.3",36,36,0.5,17.64021,3521.9,83.67246,112.5469,111.0458
"2022-02-10 15:46:18.48",37,37,0.3999023,10.18004,3526.9,144.9896,90.01556,112.5469
"2022-02-10 15:46:38.04",38,38,0.5,19.56026,3536.8,75.45913,112.5469,112.5469
"2022-02-10 15:46:48.38",39,39,0.5,10.34005,3541.8,142.746,112.5469,112.9225
"2022-02-10 15:47:06.28",40,40,0.6000977,17.90022,3550.8,82.45709,135.0783,112.5469
"2022-02-10 15:47:16.92",41,41,0.6000977,10.62005,3555.8,138.9824,135.0783,112.1723
"2022-02-10 15:47:34.82",42,42,0.8000488,17.90022,3564.6,82.45709,180.0861,112.1723
"2022-02-10 15:47:45.48",43,43,0.2998047,10.66005,3569.9,138.4608,67.4842,111.7959
"2022-02-10 15:48:03.94",44,44,0.4001465,18.46023,3578.8,79.95566,90.07053,111.4213
"2022-02-10 15:48:14.42",45,45,0.6000977,10.48005,3584,140.839,135.0783,110.6712
"2022-02-10 15:48:28.12",46,46,0.5,13.70012,3591.2,107.7363,112.5469,111.0458
"2022-02-10 15:48:38.3",47,47,0.1999512,10.18004,3595.9,144.9896,45.00778,109.9201
"2022-02-10 15:48:55.66",48,48,0.6999512,17.36021,3604.8,85.02203,157.5547,111.7968
"2022-02-10 15:49:06.12",49,49,0.3000488,10.46005,3610.1,141.1083,67.53915,113.298
"2022-02-10 15:49:24.38",50,50,0.1999512,18.26023,3618.9,80.83141,45.00778,111.0458
"2022-02-10 15:49:35.08",51,51,0.6000977,10.68005,3624.3,138.2015,135.0783,110.2965
"2022-02-10 15:49:48.54",52,52,0.8000488,13.46012,3631.2,109.6573,180.0861,112.5469
"2022-02-10 15:49:59.34",53,53,0.2001953,10.80006,3636.1,136.6659,45.06274,109.921
"2022-02-10 15:50:12.58",54,54,0.7001953,13.24011,3643.1,111.4794,157.6097,113.298
"2022-02-10 15:50:23.14",55,55,0.2998047,10.56005,3647.9,139.772,67.4842,109.5455
"2022-02-10 15:50:41.18",56,56,0.2001953,18.04022,3657.1,81.81718,45.06274,111.7968
"2022-02-10 15:50:51.38",57,57,0.3000488,10.20004,3662,144.7053,67.53915,111.0467
"2022-02-10 15:51:10.04",58,58,0.6000977,18.66024,3671.8,79.09868,135.0783,111.4213
"2022-02-10 15:51:20.6",59,59,0.1999512,10.56005,3676.2,139.772,45.00778,110.6712
"2022-02-10 15:51:38.84",60,60,0.5998535,18.24023,3685.7,80.92004,135.0234,111.7968
"2022-02-10 15:51:49.48",61,61,0.2998047,10.64005,3690.9,138.7211,67.4842,111.7959
"2022-02-10 15:52:03.2",62,62,0.5,13.72012,3697.9,107.5792,112.5469,111.7959
"2022-02-10 15:52:13.98",63,63,0.5,10.78006,3702.9,136.9195,112.5469,111.7959
"2022-02-10 15:52:31.9",64,64,0.8000488,17.92022,3711.7,82.36507,180.0861,111.4213
"2022-02-10 15:52:42.72",65,65,0.1000977,10.82006,3716.8,136.4133,22.53137,109.5455
"2022-02-10 15:53:00.98",66,66,0.3999023,18.26023,3725.9,80.83141,90.01556,111.0458
"2022-02-10 15:53:11.66",67,67,0.1999512,10.68005,3731.3,138.2015,45.00778,110.6712
"2022-02-10 15:53:25.34",68,68,0.6000977,13.68012,3738.6,107.8938,135.0783,111.7968
"2022-02-10 15:53:36.34",69,69,0.3999023,11.00006,3743.7,134.1811,90.01556,111.7968
"2022-02-10 15:53:53.9",70,70,0.6999512,17.56021,3752.3,84.05366,157.5547,111.0467
"2022-02-10 15:54:04.44",71,71,0.1999512,10.54005,3757.5,140.0373,45.00778,110.2956
"2022-02-10 15:54:20.66",72,72,0.3999023,16.22018,3765.4,90.99776,90.01556,111.0458
"2022-02-10 15:54:31.28",73,73,0.5,10.62005,3771.1,138.9824,112.5469,111.4222
"2022-02-10 15:54:49.74",74,74,0.3999023,18.44023,3779.9,80.04238,90.01556,111.0458
"2022-02-10 15:55:00.06",75,75,0.5,10.32005,3785.3,143.0226,112.5469,111.4213
"2022-02-10 15:55:15.66",76,76,1.099854,15.60017,3792.9,94.61437,247.5703,111.7959
"2022-02-10 15:55:26.14",77,77,0.1999512,10.48005,3798,140.839,45.00778,110.6712
"2022-02-10 15:55:42.38",78,78,0.1999512,16.24018,3805.7,90.88569,45.00778,109.921
"2022-02-10 15:55:52.8",79,79,0.3000488,10.42005,3811,141.65,67.53915,111.7968
"2022-02-10 15:56:10.92",80,80,0.5,18.12022,3820.4,81.45595,112.5469,114.4227
"2022-02-10 15:56:21.5",81,81,0.1000977,10.58005,3825.6,139.5078,22.53137,111.4222
"2022-02-10 15:56:38.68",82,82,0.6000977,17.1802,3834.3,85.91284,135.0783,114.7982
"2022-02-10 15:56:49.12",83,83,0.5,10.44005,3839.9,141.3786,112.5469,113.2971
"2022-02-10 15:57:05.22",84,84,0.3000488,16.10018,3847.7,91.67601,67.53915,115.1728
"2022-02-10 15:57:15.96",85,85,0.6999512,10.74006,3852.9,137.4294,157.5547,113.6717
"2022-02-10 15:57:32.54",86,86,0.2001953,16.58019,3861.1,89.0219,45.06274,110.6712
"2022-02-10 15:57:42.86",87,87,0.4001465,10.32005,3866.1,143.0226,90.07053,111.4222
"2022-02-10 15:57:59.46",88,88,0.3999023,16.60019,3874.5,88.91465,90.01556,111.7968
"2022-02-10 15:58:09.94",89,89,0.3999023,10.48005,3879.4,140.839,90.01556,111.4213
"2022-02-10 15:58:27.28",90,90,1,17.34021,3888.5,85.12009,225.0939,111.7968
"2022-02-10 15:58:38.02",91,91,0.1000977,10.74006,3893.6,137.4294,22.53137,110.2965
"2022-02-10 15:58:53.54",92,92,0.6999512,15.52017,3901.4,95.10208,157.5547,111.4213
"2022-02-10 15:59:04.24",93,93,0.09985352,10.70006,3906.7,137.9432,22.47641,111.0458
"2022-02-10 15:59:22.5",94,94,0.3000488,18.26023,3915.7,80.83141,67.53915,112.9215
"2022-02-10 15:59:33.22",95,95,0.5,10.72006,3921.2,137.6859,112.5469,111.0458
"2022-02-10 15:59:50.5",96,96,0.6999512,17.2802,3929.9,85.41566,157.5547,113.6717
"2022-02-10 16:00:00.86",97,97,0.8000488,10.36005,3934.8,142.4704,180.0861,112.9225
"2022-02-10 16:00:17.58",98,98,0.1999512,16.72019,3942.9,88.2765,45.00778,111.0458
"2022-02-10 16:00:28.22",99,99,0.6000977,10.64005,3948.8,138.7211,135.0783,112.9225
"2022-02-10 16:00:42.38",100,100,0.1000977,14.16013,3955.3,104.2363,22.53137,109.921
"2022-02-10 16:00:53.08",101,101,0.6000977,10.70006,3961,137.9432,135.0783,111.7968
"2022-02-10 16:01:11.08",102,102,0.2001953,18.00022,3969.6,81.99899,45.06274,111.0467
"2022-02-10 16:01:21.92",103,103,0.1999512,10.84006,3974.7,136.1616,45.00778,110.6712
"2022-02-10 16:01:35.32",104,104,0.6999512,13.40012,3982,110.1483,157.5547,111.4213
"2022-02-10 16:01:46",105,105,0.6999512,10.68005,3986.8,138.2015,157.5547,111.0467
"2022-02-10 16:02:02.64",106,106,0.1999512,16.64019,3994.9,88.70091,45.00778,111.0458
"2022-02-10 16:02:13.66",107,107,0.3999023,11.02006,4000.5,133.9375,90.01556,112.9225
"2022-02-10 16:02:30.12",108,108,0.6000977,16.46019,4009,89.67092,135.0783,112.1714
"2022-02-10 16:02:41.04",109,109,0,10.92006,4014,135.1641,0,109.1709
"2022-02-10 16:02:58.04",110,110,0.7998047,17.0002,4022.9,86.82252,180.0311,113.2971
"2022-02-10 16:03:08.76",111,111,0.6999512,10.72006,4027.8,137.6859,157.5547,111.0467
"2022-02-10 16:03:23.02",112,112,0.09985352,14.26014,4034.9,103.5053,22.47641,110.2956
"2022-02-10 16:03:33.56",113,113,0.1000977,10.54005,4039.8,140.0373,22.53137,110.2965
"2022-02-10 16:03:48.84",114,114,0.3999023,15.28016,4047.4,96.59585,90.01556,110.2956
"2022-02-10 16:03:59.54",115,115,0.3999023,10.70006,4053,137.9432,90.01556,112.1714
"2022-02-10 16:04:13.5",116,116,0.5,13.96013,4059.8,105.7297,112.5469,111.4213
"2022-02-10 16:04:24.16",117,117,0.6999512,10.66005,4065.5,138.4608,157.5547,111.7968
"2022-02-10 16:04:37.84",118,118,0.8999023,13.68012,4071.9,107.8938,202.5625,111.4213
"2022-02-10 16:04:48.42",119,119,0.3000488,10.58005,4077,139.5078,67.53915,111.0467
"2022-02-10 16:05:01.82",120,120,0.6999512,13.40012,4083.8,110.1483,157.5547,112.5469
"2022-02-10 16:05:12.48",121,121,0.3000488,10.66005,4089.3,138.4608,67.53915,112.5469
"2022-02-10 16:05:29.74",122,122,0.7998047,17.2602,4097.8,85.51463,180.0311,111.4204
"2022-02-10 16:05:40.64",123,123,0.7998047,10.90006,4103.3,135.4121,180.0311,112.9215
"2022-02-10 16:05:57.04",124,124,0.199707,16.40018,4111.3,89.99899,44.95283,111.0458
"2022-02-10 16:06:07.78",125,125,0.2001953,10.74006,4116.2,137.4294,45.06274,109.5464
"2022-02-10 16:06:23.32",126,126,0.5,15.54017,4124.4,94.97968,112.5469,110.6712
"2022-02-10 16:06:34.2",127,127,0.300293,10.86006,4129.6,135.9109,67.59411,110.6712
"2022-02-10 16:06:47.58",128,128,0.699707,13.38012,4136.4,110.3129,157.4998,112.5469
"2022-02-10 16:06:58.44",129,129,0.2001953,10.86006,4141.5,135.9109,45.06274,109.9201
"2022-02-10 16:07:15.4",130,130,0.6000977,16.9602,4150.1,87.02729,135.0783,111.4222
"2022-02-10 16:07:26.18",131,131,0.6000977,10.78006,4155.5,136.9195,135.0783,111.4222
"2022-02-10 16:07:39.92",132,132,0.2001953,13.74012,4162.1,107.4226,45.06274,111.4222
"2022-02-10 16:07:50.42",133,133,0.300293,10.50005,4167.6,140.5708,67.59411,112.5469
"2022-02-10 16:08:03.98",134,134,0.7001953,13.56012,4174.1,108.8486,157.6097,112.1714
"2022-02-10 16:08:14.76",135,135,0.3999023,10.78006,4179.4,136.9195,90.01556,112.1714
"2022-02-10 16:08:31.22",136,136,0.2998047,16.46019,4188,89.67092,67.4842,112.1714
"2022-02-10 16:08:41.84",137,137,0.2998047,10.62005,4192.8,138.9824,67.4842,112.9206
"2022-02-10 16:08:58.48",138,138,0.2998047,16.64019,4201.4,88.70091,67.4842,112.9225
"2022-02-10 16:09:09.14",139,139,0.5,10.66005,4206.9,138.4608,112.5469,112.1714
"2022-02-10 16:09:25.06",140,140,0.699707,15.92017,4214.9,92.71255,157.4998,112.1714
"2022-02-10 16:09:35.86",141,141,0.1000977,10.80006,4219.5,136.6659,22.53137,111.7959
"2022-02-10 16:09:49.7",142,142,0.699707,13.82013,4226.8,106.8008,157.4998,111.4204
"2022-02-10 16:10:00.28",143,143,0.2998047,10.58005,4231.9,139.5078,67.4842,112.1714
"2022-02-10 16:10:14.22",144,144,0.2001953,13.94013,4239,105.8814,45.06274,111.7959
"2022-02-10 16:10:24.64",145,145,0.2001953,10.42005,4244.1,141.65,45.06274,112.1714
"2022-02-10 16:10:40.72",146,146,0.4003906,16.08018,4252.2,91.79003,90.12548,112.5469
"2022-02-10 16:10:51.16",147,147,0.300293,10.44005,4257.6,141.3786,67.59411,113.298
"2022-02-10 16:11:07.38",148,148,0.300293,16.22018,4265.6,90.99776,67.59411,112.1714
"2022-02-10 16:11:17.82",149,149,0.300293,10.44005,4270.7,141.3786,67.59411,112.9225
"2022-02-10 16:11:33.8",150,150,1,15.96018,4278.9,92.48019,225.0939,112.9225
"2022-02-10 16:11:44.1",151,151,0.1000977,10.30005,4284,143.3003,22.53137,111.7959
"2022-02-10 16:12:00.2",152,152,0.1000977,16.10018,4292.1,91.67601,22.53137,111.7977
"2022-02-10 16:12:11.1",153,153,0.7998047,10.90006,4297.9,135.4121,180.0311,113.6717
"2022-02-10 16:12:26.74",154,154,0.2001953,15.64017,4305.2,94.37238,45.06274,114.049
"2022-02-10 16:12:37.32",155,155,0.5,10.58005,4310.8,139.5078,112.5469,112.1714
