"TOA5","LIM","CR1000","51714","CR1000.Std.32.03","CPU:Reges.CR1","23335","experimentoTerraAgua"
"TIMESTAMP","RECORD","PTemp","TAgua_Avg","TTerra_Avg","TAgua_Std","TTerra_Std"
"TS","RN","","","","",""
"","","Smp","Avg","Avg","Std","Std"
"2023-08-16 09:26:00",0,23.01,30.71,30.26,5.914,0.365
"2023-08-16 09:27:00",1,23.01,23.81,29.79,0.353,0.06
"2023-08-16 09:28:00",2,23.01,21.92,28.4,0.2,2.972
"2023-08-16 09:29:00",3,23.04,21.8,21.11,0.068,0.211
"2023-08-16 09:30:00",4,23.04,21.87,20.89,0.033,0.073
"2023-08-16 09:31:00",5,23.04,21.97,20.59,0.117,0.132
"2023-08-16 09:32:00",6,23.04,21.9,20.48,0.038,0.129
"2023-08-16 09:33:00",7,23.04,21.86,20.58,0.021,0.111
"2023-08-16 09:34:00",8,23.04,21.83,20.79,0.022,0.072
"2023-08-16 09:35:00",9,23.04,21.94,20.7,0.025,0.092
"2023-08-16 09:36:00",10,23.04,22.02,20.74,0.114,0.173
"2023-08-16 09:37:00",11,23.07,22.15,21.04,0.027,0.061
"2023-08-16 09:38:00",12,23.07,22.25,20.83,0.053,0.096
"2023-08-16 09:39:00",13,23.07,23.76,20.79,3.2,0.162
"2023-08-16 09:40:00",14,23.07,20,21.98,0.033,0.643
"2023-08-16 09:41:00",15,23.07,20.01,22.29,0.022,0.012
"2023-08-16 09:42:00",16,23.07,20.03,22.31,0.023,0.029
"2023-08-16 09:43:00",17,23.07,20.07,22.36,0.03,0.016
"2023-08-16 09:44:00",18,23.07,20.11,22.38,0.026,0.017
"2023-08-16 09:45:00",19,23.07,20.14,22.81,0.025,0.622
"2023-08-16 09:46:00",20,23.07,20.37,25.38,0.097,1
"2023-08-16 09:47:00",21,23.1,20.58,29.46,0.078,1.292
"2023-08-16 09:48:00",22,23.1,20.66,33.93,0.103,1.246
"2023-08-16 09:49:00",23,23.12,20.88,38.01,0.066,1.094
"2023-08-16 09:50:00",24,23.12,21.08,41.46,0.067,0.889
"2023-08-16 09:51:00",25,23.12,21.29,44.21,0.077,0.705
"2023-08-16 09:52:00",26,23.15,21.5,46.45,0.079,0.598
"2023-08-16 09:53:00",27,23.15,21.79,48.32,0.065,0.517
"2023-08-16 09:54:00",28,23.15,22.01,49.95,0.092,0.395
"2023-08-16 09:55:00",29,23.18,22.27,51.3,0.065,0.381
"2023-08-16 09:56:00",30,23.18,22.52,52.41,0.065,0.311
"2023-08-16 09:57:00",31,23.18,22.72,53.43,0.098,0.251
"2023-08-16 09:58:00",32,23.21,22.98,54.34,0.068,0.258
"2023-08-16 09:59:00",33,23.21,23.26,55.11,0.08,0.225
"2023-08-16 10:00:00",34,23.21,23.45,55.93,0.049,0.247
"2023-08-16 10:01:00",35,23.24,23.74,56.64,0.068,0.196
"2023-08-16 10:02:00",36,23.24,23.97,57.28,0.053,0.2
"2023-08-16 10:03:00",37,23.27,24.21,57.85,0.065,0.174
"2023-08-16 10:04:00",38,23.27,24.48,58.37,0.05,0.157
"2023-08-16 10:05:00",39,23.29,24.71,58.88,0.07,0.166
"2023-08-16 10:06:00",40,23.29,24.99,59.36,0.061,0.142
"2023-08-16 10:07:00",41,23.29,25.27,59.73,0.073,0.105
"2023-08-16 10:08:00",42,23.32,25.46,60.16,0.102,0.105
"2023-08-16 10:09:00",43,23.32,25.78,60.47,0.083,0.1
"2023-08-16 10:10:00",44,23.32,25.97,60.83,0.077,0.096
"2023-08-16 10:11:00",45,23.32,26.24,61.1,0.084,0.054
"2023-08-16 10:12:00",46,23.35,26.46,61.4,0.095,0.09
"2023-08-16 10:13:00",47,23.35,26.7,61.7,0.073,0.093
"2023-08-16 10:14:00",48,23.38,26.93,61.98,0.072,0.086
"2023-08-16 10:15:00",49,23.38,27.17,62.27,0.078,0.072
"2023-08-16 10:16:00",50,23.41,27.39,62.57,0.099,0.071
"2023-08-16 10:17:00",51,23.41,27.65,62.81,0.08,0.055
"2023-08-16 10:18:00",52,23.44,27.85,63.11,0.075,0.083
"2023-08-16 10:19:00",53,23.44,28.05,63.38,0.062,0.082
"2023-08-16 10:20:00",54,23.47,28.31,63.6,0.083,0.077
"2023-08-16 10:21:00",55,23.47,28.54,63.83,0.062,0.059
"2023-08-16 10:22:00",56,23.5,28.69,64.11,0.07,0.086
"2023-08-16 10:23:00",57,23.5,28.9,64.35,0.061,0.07
"2023-08-16 10:24:00",58,23.52,29.17,64.56,0.075,0.071
"2023-08-16 10:25:00",59,23.52,29.37,64.77,0.052,0.09
"2023-08-16 10:26:00",60,23.52,29.57,64.99,0.048,0.064
"2023-08-16 10:27:00",61,23.52,29.55,63.98,0.04,0.643
"2023-08-16 10:28:00",62,23.52,29.49,61.53,0.023,0.753
"2023-08-16 10:29:00",63,23.55,29.51,58.96,0.019,0.714
"2023-08-16 10:30:00",64,23.55,29.55,56.53,0.015,0.686
"2023-08-16 10:31:00",65,23.55,29.56,54.26,0.011,0.624
"2023-08-16 10:32:00",66,23.58,29.59,52.17,0.018,0.573
"2023-08-16 10:33:00",67,23.58,29.59,50.27,0.027,0.526
"2023-08-16 10:34:00",68,23.58,29.56,48.52,0.018,0.484
"2023-08-16 10:35:00",69,23.58,29.52,46.92,0.03,0.43
"2023-08-16 10:36:00",70,23.58,29.47,45.46,0.036,0.389
"2023-08-16 10:37:00",71,23.61,29.4,44.15,0.017,0.367
"2023-08-16 10:38:00",72,23.61,29.34,42.95,0.032,0.319
"2023-08-16 10:39:00",73,23.61,29.25,41.85,0.023,0.315
"2023-08-16 10:40:00",74,23.61,29.18,40.81,0.026,0.294
"2023-08-16 10:41:00",75,23.61,29.07,39.88,0.017,0.268
"2023-08-16 10:42:00",76,23.61,28.99,38.99,0.022,0.248
"2023-08-16 10:43:00",77,23.61,28.93,38.21,0.03,0.219
"2023-08-16 10:44:00",78,23.64,28.82,37.48,0.03,0.214
"2023-08-16 10:45:00",79,23.64,28.75,36.76,0.026,0.206
"2023-08-16 10:46:00",80,23.64,28.67,36.08,0.026,0.193
"2023-08-16 10:47:00",81,23.64,28.57,35.46,0.035,0.169
"2023-08-16 10:48:00",82,23.64,28.46,34.89,0.027,0.168
"2023-08-16 10:49:00",83,23.67,28.39,34.36,0.03,0.137
"2023-08-16 10:50:00",84,23.64,28.33,33.86,0.04,0.145
"2023-08-16 10:51:00",85,23.67,28.25,33.38,0.037,0.124
"2023-08-16 10:52:00",86,23.67,28.16,32.95,0.028,0.131
"2023-08-16 10:53:00",87,23.67,28.07,32.53,0.036,0.118
"2023-08-16 10:54:00",88,23.7,28.02,32.15,0.02,0.098
"2023-08-16 10:55:00",89,23.7,27.98,31.78,0.026,0.112
"2023-08-16 10:56:00",90,23.7,27.89,31.44,0.032,0.088
"2023-08-16 10:57:00",91,23.7,27.84,31.12,0.03,0.092
"2023-08-16 10:58:00",92,23.7,27.75,30.82,0.027,0.096
"2023-08-16 10:59:00",93,23.7,27.68,30.53,0.033,0.079
"2023-08-16 11:00:00",94,23.7,27.59,30.27,0.033,0.072
"2023-08-16 11:01:00",95,23.7,27.53,30.01,0.024,0.075
"2023-08-16 11:02:00",96,23.72,27.47,29.76,0.03,0.067
"2023-08-16 11:03:00",97,23.72,27.42,29.53,0.025,0.069
"2023-08-16 11:04:00",98,23.72,27.35,29.32,0.034,0.062
"2023-08-16 11:05:00",99,23.72,27.29,29.09,0.025,0.066
"2023-08-16 11:06:00",100,23.72,27.24,28.88,0.026,0.058
"2023-08-16 11:07:00",101,23.72,27.16,28.69,0.03,0.062
"2023-08-16 11:08:00",102,23.75,27.11,28.52,0.024,0.044
"2023-08-16 11:09:00",103,23.75,27.04,28.36,0.023,0.053
"2023-08-16 11:10:00",104,23.75,27,28.18,0.029,0.046
"2023-08-16 11:11:00",105,23.75,26.91,28.02,0.018,0.052
"2023-08-16 11:12:00",106,23.78,26.87,27.86,0.032,0.038
"2023-08-16 11:13:00",107,23.75,26.82,27.74,0.027,0.042
"2023-08-16 11:14:00",108,23.78,26.8,27.59,0.021,0.037
"2023-08-16 11:15:00",109,23.78,26.73,27.47,0.022,0.052
"2023-08-16 11:16:00",110,23.78,26.7,27.33,0.031,0.037
"2023-08-16 11:17:00",111,23.78,26.67,27.19,0.017,0.037
"2023-08-16 11:18:00",112,23.78,26.6,27.07,0.024,0.036
"2023-08-16 11:19:00",113,23.78,26.56,26.96,0.024,0.029
"2023-08-16 11:20:00",114,23.78,26.49,26.87,0.025,0.042
"2023-08-16 11:21:00",115,23.81,26.44,26.76,0.021,0.039
"2023-08-16 11:22:00",116,23.81,26.39,26.65,0.033,0.023
"2023-08-16 11:23:00",117,23.81,26.33,26.57,0.015,0.042
"2023-08-16 11:24:00",118,23.81,26.28,26.47,0.024,0.035
"2023-08-16 11:25:00",119,23.84,26.24,26.4,0.027,0.02
"2023-08-16 11:26:00",120,23.84,26.19,26.31,0.023,0.027
"2023-08-16 11:27:00",121,23.84,26.14,26.24,0.02,0.022
"2023-08-16 11:28:00",122,23.87,26.12,26.14,0.035,0.035
"2023-08-16 11:29:00",123,23.87,26.06,26.08,0.028,0.028
"2023-08-16 11:30:00",124,23.87,26.02,26.01,0.028,0.027
